{
 "cells": [
  {
   "cell_type": "markdown",
   "metadata": {},
   "source": [
    "# Data pre-processing"
   ]
  },
  {
   "cell_type": "code",
   "execution_count": 31,
   "metadata": {},
   "outputs": [],
   "source": [
    "import os\n",
    "import struct\n",
    "import numpy as np\n",
    "import time\n",
    "import random\n",
    "import csv"
   ]
  },
  {
   "cell_type": "code",
   "execution_count": 68,
   "metadata": {},
   "outputs": [],
   "source": [
    "def load_data(path):\n",
    "    data = csv.reader(open(path,'r'))\n",
    "    labels=[]\n",
    "    images=[]\n",
    "    for item in data:\n",
    "        labels.append(item[1])\n",
    "        images.append(item[2:])   \n",
    "    # data[0] is the lable of each column\n",
    "    # item[0] is the index of images\n",
    "    # omit these 2 things \n",
    "    labels.pop(0)\n",
    "    images.pop(0)\n",
    "    return np.array(images,dtype=np.float64),np.array(labels,dtype=np.int32)"
   ]
  },
  {
   "cell_type": "code",
   "execution_count": 33,
   "metadata": {},
   "outputs": [],
   "source": [
    "# data path\n",
    "training_data = 'trainData.csv'\n",
    "test_data = 'testData.csv'"
   ]
  },
  {
   "cell_type": "code",
   "execution_count": 34,
   "metadata": {},
   "outputs": [],
   "source": [
    "# loading in data\n",
    "X_train,y_train = load_data(training_data)\n",
    "X_test,y_test = load_data(test_data)"
   ]
  },
  {
   "cell_type": "code",
   "execution_count": 35,
   "metadata": {},
   "outputs": [],
   "source": [
    "from __future__ import absolute_import\n",
    "from __future__ import division\n",
    "from __future__ import print_function\n",
    "\n",
    "import numpy as np\n",
    "import tensorflow as tf\n",
    "\n",
    "from tensorflow.contrib import learn\n",
    "from tensorflow.contrib.learn.python.learn.estimators import model_fn as model_fn_lib\n",
    "\n",
    "tf.logging.set_verbosity(tf.logging.INFO)"
   ]
  },
  {
   "cell_type": "markdown",
   "metadata": {},
   "source": [
    "# Create model"
   ]
  },
  {
   "cell_type": "code",
   "execution_count": 36,
   "metadata": {},
   "outputs": [
    {
     "name": "stdout",
     "output_type": "stream",
     "text": [
      "INFO:tensorflow:Using default config.\n",
      "INFO:tensorflow:Using config: {'_task_type': None, '_task_id': 0, '_cluster_spec': <tensorflow.python.training.server_lib.ClusterSpec object at 0x000001B7409CB668>, '_master': '', '_num_ps_replicas': 0, '_num_worker_replicas': 0, '_environment': 'local', '_is_chief': True, '_evaluation_master': '', '_train_distribute': None, '_tf_config': gpu_options {\n",
      "  per_process_gpu_memory_fraction: 1.0\n",
      "}\n",
      ", '_tf_random_seed': None, '_save_summary_steps': 100, '_save_checkpoints_secs': 600, '_log_step_count_steps': 100, '_session_config': None, '_save_checkpoints_steps': None, '_keep_checkpoint_max': 5, '_keep_checkpoint_every_n_hours': 10000, '_model_dir': '/tmp/mnist_cnn_clf'}\n",
      "WARNING:tensorflow:float64 is not supported by many models, consider casting to float32.\n",
      "INFO:tensorflow:Create CheckpointSaverHook.\n",
      "INFO:tensorflow:Graph was finalized.\n",
      "INFO:tensorflow:Restoring parameters from /tmp/mnist_cnn_clf\\model.ckpt-40\n",
      "INFO:tensorflow:Running local_init_op.\n",
      "INFO:tensorflow:Done running local_init_op.\n",
      "INFO:tensorflow:Saving checkpoints for 41 into /tmp/mnist_cnn_clf\\model.ckpt.\n",
      "INFO:tensorflow:probabilities = [[0.95855781 0.00008976 0.00132604 0.0042637  0.00001066 0.00256619\n",
      "  0.00060658 0.00100806 0.03147277 0.00009844]\n",
      " [0.00016073 0.9877705  0.00110381 0.0020117  0.00327619 0.00039182\n",
      "  0.00207551 0.00040095 0.00080588 0.00200292]\n",
      " [0.0000391  0.00033521 0.92743092 0.05856148 0.00000704 0.00025827\n",
      "  0.01099167 0.00146447 0.00006976 0.00084207]\n",
      " [0.03100398 0.00022965 0.02957014 0.06748252 0.05126867 0.39546109\n",
      "  0.12881662 0.12352373 0.16611493 0.00652867]\n",
      " [0.03094216 0.00221029 0.00962563 0.0030888  0.87464025 0.00066234\n",
      "  0.04163112 0.00332971 0.0052905  0.0285792 ]\n",
      " [0.00821852 0.00000574 0.09399782 0.8741492  0.00000059 0.00019301\n",
      "  0.00002577 0.02281628 0.0001978  0.00039527]\n",
      " [0.0032144  0.51619809 0.00236259 0.00136991 0.0919898  0.06999798\n",
      "  0.02789865 0.00486916 0.00101569 0.28108372]\n",
      " [0.00031433 0.33481109 0.0927579  0.00108409 0.10717264 0.18076366\n",
      "  0.00098041 0.00185265 0.05204961 0.22821363]\n",
      " [0.57096206 0.00039916 0.02148759 0.00234674 0.03129849 0.00872413\n",
      "  0.00332703 0.00710666 0.03437701 0.31997113]\n",
      " [0.00428201 0.00005348 0.0000238  0.00010508 0.00110938 0.00111883\n",
      "  0.99047723 0.00112608 0.00161898 0.00008514]\n",
      " [0.00435295 0.00006085 0.00001353 0.06974167 0.0016357  0.00014623\n",
      "  0.00000054 0.86502487 0.01715756 0.04186611]\n",
      " [0.00000011 0.00001432 0.00000164 0.00000361 0.0005769  0.00000959\n",
      "  0.00000011 0.99910264 0.00026611 0.00002498]\n",
      " [0.02366632 0.00028425 0.00028047 0.02365386 0.00057424 0.01038\n",
      "  0.89669401 0.0089917  0.00102671 0.03444843]\n",
      " [0.00000089 0.00096926 0.00002632 0.00307835 0.00003223 0.00200221\n",
      "  0.00000668 0.82914324 0.0021578  0.16258302]\n",
      " [0.8775988  0.01365487 0.00652798 0.01061723 0.00056036 0.00156225\n",
      "  0.03658326 0.0105965  0.04148162 0.00081713]\n",
      " [0.00000849 0.00007941 0.00010278 0.00040347 0.00005906 0.00002297\n",
      "  0.00009459 0.33966145 0.01848467 0.64108311]\n",
      " [0.00000569 0.995503   0.00013588 0.00025404 0.00098652 0.00168354\n",
      "  0.00044175 0.00007644 0.00032289 0.00059027]\n",
      " [0.00011194 0.00007726 0.06092109 0.74891581 0.0693882  0.00557568\n",
      "  0.0004385  0.00325731 0.10364408 0.00767013]\n",
      " [0.0070371  0.97895847 0.00001029 0.00047013 0.00356502 0.00044019\n",
      "  0.00022109 0.00589984 0.00166742 0.00173046]\n",
      " [0.00076012 0.00001612 0.92772271 0.00152345 0.00000605 0.00003026\n",
      "  0.00023088 0.00274905 0.06518726 0.0017741 ]\n",
      " [0.97246744 0.00000987 0.00116555 0.00014017 0.0002805  0.00022896\n",
      "  0.00024962 0.00000975 0.00881891 0.01662924]\n",
      " [0.00006153 0.00002548 0.00000543 0.01602703 0.002711   0.94133956\n",
      "  0.00395329 0.00029863 0.01140996 0.02416809]\n",
      " [0.00146641 0.00039013 0.00001234 0.00023196 0.99727653 0.00003809\n",
      "  0.0000745  0.00036828 0.00001436 0.0001274 ]\n",
      " [0.0000401  0.04921378 0.00142074 0.32781289 0.24200964 0.20435424\n",
      "  0.14207374 0.0003518  0.02961047 0.00311259]\n",
      " [0.25821321 0.00799136 0.01513297 0.28435569 0.00175835 0.00783427\n",
      "  0.08458817 0.00051574 0.31945    0.02016026]\n",
      " [0.53508263 0.00043478 0.25014261 0.05800009 0.00025906 0.00882727\n",
      "  0.03265434 0.10135354 0.00853287 0.00471282]\n",
      " [0.10652042 0.00024126 0.00041431 0.00346738 0.16652322 0.36068829\n",
      "  0.02336265 0.01050251 0.00807517 0.32020478]\n",
      " [0.19176279 0.00039698 0.00562336 0.04677355 0.18061494 0.56408259\n",
      "  0.00005181 0.00161826 0.00582144 0.00325428]\n",
      " [0.00015837 0.00000384 0.00697175 0.00032976 0.00851942 0.72350664\n",
      "  0.00025593 0.00020221 0.24395689 0.01609519]\n",
      " [0.00296585 0.04138135 0.1364943  0.47830239 0.00149994 0.00376495\n",
      "  0.0016113  0.00004304 0.29649045 0.03744644]\n",
      " [0.00164749 0.00025113 0.01736429 0.55665608 0.00052644 0.01067878\n",
      "  0.00027591 0.39713214 0.01385993 0.0016078 ]\n",
      " [0.00388714 0.01009108 0.7922562  0.00751526 0.00213042 0.00000367\n",
      "  0.01460925 0.0000192  0.16944863 0.00003916]\n",
      " [0.00014637 0.00252382 0.00256154 0.95450215 0.0000711  0.01870884\n",
      "  0.01401289 0.00084013 0.00490451 0.00172866]\n",
      " [0.38510039 0.00000437 0.00011782 0.00057693 0.00120119 0.00074265\n",
      "  0.00060198 0.41384894 0.0013526  0.19645314]\n",
      " [0.00497997 0.00006368 0.00008545 0.00006884 0.7392057  0.06850378\n",
      "  0.00101375 0.09077763 0.09459224 0.00070894]\n",
      " [0.00295721 0.00047166 0.11610538 0.79070996 0.00332765 0.00237055\n",
      "  0.00078889 0.00401285 0.07775996 0.00149589]\n",
      " [0.98651878 0.00135758 0.00084544 0.00924578 0.00048103 0.00006919\n",
      "  0.00018645 0.00000187 0.00124601 0.00004785]\n",
      " [0.00226892 0.00609019 0.12444076 0.00210839 0.17902965 0.00525983\n",
      "  0.00504203 0.0842777  0.4035459  0.18793663]\n",
      " [0.01981413 0.08466257 0.01863508 0.00798699 0.81031192 0.00669564\n",
      "  0.00031015 0.0084558  0.00881227 0.03431544]\n",
      " [0.00095354 0.00710757 0.00002649 0.28945822 0.00681759 0.20238687\n",
      "  0.00193394 0.00020322 0.27002896 0.2210836 ]\n",
      " [0.00000023 0.99778299 0.0000033  0.00058605 0.00010125 0.00002926\n",
      "  0.00008611 0.00000287 0.00007195 0.00133599]\n",
      " [0.05738543 0.02921706 0.0009524  0.00988543 0.25841376 0.54844558\n",
      "  0.00107584 0.00077403 0.05946953 0.03438095]\n",
      " [0.00131228 0.01559345 0.00001295 0.00118727 0.49515024 0.22468913\n",
      "  0.00106677 0.00007242 0.00006404 0.26085146]\n",
      " [0.00001311 0.00000952 0.00003836 0.00000825 0.00030892 0.00011271\n",
      "  0.00000148 0.991283   0.0001966  0.00802805]\n",
      " [0.00000561 0.00000705 0.00003043 0.00001401 0.00001052 0.0009138\n",
      "  0.00002595 0.98855433 0.00344393 0.00699437]\n",
      " [0.00223762 0.00333292 0.00244934 0.00071963 0.00590832 0.91471787\n",
      "  0.00031596 0.06880619 0.0014754  0.00003676]\n",
      " [0.00156655 0.00004459 0.00001972 0.07044808 0.00000446 0.00187386\n",
      "  0.00012168 0.0000311  0.92163284 0.00425711]\n",
      " [0.00876592 0.00389268 0.00196615 0.00019788 0.85678436 0.03457548\n",
      "  0.00092225 0.02644809 0.01564171 0.05080549]\n",
      " [0.00057874 0.00002815 0.00002829 0.9827354  0.00543734 0.00109718\n",
      "  0.00764919 0.00189445 0.00005709 0.00049417]\n",
      " [0.00263043 0.0004819  0.06652574 0.90172053 0.00028505 0.00011216\n",
      "  0.00155246 0.00024836 0.02445489 0.00198848]\n",
      " [0.0005683  0.00004938 0.00010577 0.00014303 0.0026715  0.00335087\n",
      "  0.02980795 0.0001146  0.96191225 0.00127636]\n",
      " [0.90662565 0.00025718 0.00447132 0.00752346 0.06640134 0.0010903\n",
      "  0.01302887 0.00008781 0.00030448 0.0002096 ]\n",
      " [0.14935134 0.27412387 0.01424781 0.0355443  0.29475415 0.00948105\n",
      "  0.19812514 0.00050849 0.01507149 0.00879236]\n",
      " [0.00831845 0.00046167 0.00486124 0.01399381 0.53875706 0.05795608\n",
      "  0.00828298 0.15615987 0.0404657  0.17074314]\n",
      " [0.00258907 0.00003762 0.00071749 0.00834177 0.05445317 0.00315737\n",
      "  0.00003706 0.92577592 0.00250567 0.00238486]\n",
      " [0.00917596 0.00524609 0.02181556 0.78112684 0.02654932 0.0017082\n",
      "  0.00050981 0.0012607  0.15138403 0.00122348]\n",
      " [0.0019906  0.00020464 0.00051662 0.0045847  0.0010917  0.002645\n",
      "  0.00004262 0.98596308 0.00006871 0.00289233]\n",
      " [0.04298994 0.11724238 0.00457366 0.00264972 0.00328787 0.6505995\n",
      "  0.01391422 0.01658691 0.10325728 0.04489851]\n",
      " [0.00640709 0.00265675 0.00021135 0.04250302 0.00228106 0.00213519\n",
      "  0.0004371  0.00006329 0.9409614  0.00234374]\n",
      " [0.06809588 0.0156103  0.02047182 0.02237475 0.03884203 0.70571894\n",
      "  0.04143379 0.00744638 0.06508111 0.014925  ]\n",
      " [0.00024597 0.00008946 0.0390532  0.01004614 0.5442461  0.11579476\n",
      "  0.00066823 0.00000801 0.27842119 0.01142695]\n",
      " [0.00056217 0.00011953 0.00168011 0.97182662 0.0003083  0.01997986\n",
      "  0.00001943 0.00070657 0.00479101 0.00000639]\n",
      " [0.00011184 0.3159538  0.00825683 0.18733433 0.01658826 0.00362184\n",
      "  0.00775857 0.09596478 0.06017964 0.3042301 ]\n",
      " [0.00033452 0.00004727 0.99304693 0.00407445 0.00058705 0.00065431\n",
      "  0.00013882 0.00008453 0.00071215 0.00031998]\n",
      " [0.18683205 0.0006235  0.01595199 0.14776898 0.04177967 0.00043889\n",
      "  0.00412902 0.58100371 0.01122564 0.01024655]\n",
      " [0.00228483 0.00004101 0.00228649 0.0008185  0.93434935 0.00027131\n",
      "  0.0000105  0.02608629 0.00213368 0.03171804]\n",
      " [0.0911949  0.02795997 0.0156144  0.19632117 0.02436335 0.00084484\n",
      "  0.00293519 0.04266338 0.49454149 0.1035613 ]\n",
      " [0.92740595 0.01016251 0.0171764  0.03112529 0.00005589 0.00266436\n",
      "  0.00775445 0.00148712 0.00128695 0.00088109]\n",
      " [0.00006932 0.9089594  0.00104892 0.00163045 0.00067593 0.00000416\n",
      "  0.00004742 0.00239799 0.08474543 0.00042098]\n",
      " [0.0224612  0.12682757 0.01268418 0.19258096 0.22261266 0.02049277\n",
      "  0.01524731 0.01185336 0.34267782 0.03256216]\n",
      " [0.00892637 0.05018425 0.00096913 0.10004027 0.00987054 0.00252817\n",
      "  0.00013392 0.00297148 0.01667768 0.80769819]\n",
      " [0.07304061 0.01626894 0.01591658 0.00202932 0.02906906 0.00174963\n",
      "  0.01024867 0.0549356  0.00547322 0.79126837]\n",
      " [0.01255807 0.00234873 0.00024048 0.0065399  0.03385034 0.00116739\n",
      "  0.60163109 0.02725454 0.00193936 0.31247011]\n",
      " [0.00412415 0.00833879 0.27558323 0.02002689 0.60944468 0.03283828\n",
      "  0.00007191 0.00734827 0.02516613 0.01705767]\n",
      " [0.00028209 0.0001924  0.0634135  0.61053154 0.10476656 0.06560444\n",
      "  0.08258608 0.00636129 0.00101483 0.06524728]\n",
      " [0.62740951 0.01522152 0.11212623 0.19136591 0.00039668 0.00147617\n",
      "  0.02797585 0.00140976 0.02102322 0.00159515]\n",
      " [0.0058069  0.0000777  0.01425543 0.70486362 0.00336284 0.00035647\n",
      "  0.02841833 0.00038725 0.24219742 0.00027404]\n",
      " [0.00015018 0.0008259  0.00030277 0.92350024 0.00304636 0.06632633\n",
      "  0.00019027 0.0033511  0.00206479 0.00024205]\n",
      " [0.01306836 0.005432   0.97360725 0.00109445 0.00009778 0.0003117\n",
      "  0.00249593 0.00007973 0.00204655 0.00176625]\n",
      " [0.14238141 0.01041371 0.03117684 0.74834495 0.03682206 0.00527626\n",
      "  0.00053962 0.00686193 0.01796611 0.00021711]\n",
      " [0.00050237 0.00003714 0.0024358  0.16089481 0.02049509 0.37972799\n",
      "  0.00373157 0.00031044 0.43003994 0.00182485]\n",
      " [0.34653059 0.00000315 0.00165958 0.00165241 0.00318605 0.31540822\n",
      "  0.00110014 0.00362485 0.2232492  0.10358582]\n",
      " [0.00017855 0.00058085 0.78820937 0.07072652 0.00712892 0.0004283\n",
      "  0.10988532 0.00399383 0.00009432 0.01877401]\n",
      " [0.00082587 0.01293024 0.00415391 0.04868045 0.00285101 0.84390582\n",
      "  0.00030278 0.03114696 0.04566691 0.00953606]\n",
      " [0.00001023 0.01097833 0.00014694 0.0000233  0.67175392 0.00196611\n",
      "  0.00660449 0.08995028 0.00624731 0.21231907]\n",
      " [0.00000141 0.00000533 0.00738547 0.99243109 0.00001158 0.00000849\n",
      "  0.0000066  0.00005705 0.00008232 0.00001065]\n",
      " [0.00017507 0.0006159  0.00095225 0.00270364 0.07755709 0.00223093\n",
      "  0.00057633 0.02263315 0.0473148  0.84524082]\n",
      " [0.63368599 0.00017938 0.00908866 0.00009598 0.00002643 0.00005545\n",
      "  0.00008791 0.35590381 0.00055085 0.00032554]\n",
      " [0.0002651  0.00002607 0.98224258 0.0110994  0.0038774  0.00033865\n",
      "  0.00013616 0.0000109  0.00196378 0.00003997]\n",
      " [0.00068044 0.931622   0.00054412 0.00067695 0.00560806 0.03341619\n",
      "  0.00790317 0.00932422 0.00224143 0.00798341]\n",
      " [0.08335708 0.00570691 0.17708807 0.08935276 0.18379615 0.01932927\n",
      "  0.02536988 0.40423797 0.00768331 0.0040786 ]\n",
      " [0.00268909 0.00029617 0.00407865 0.01499403 0.07813758 0.30544811\n",
      "  0.00040667 0.57401159 0.0161518  0.0037863 ]\n",
      " [0.10230606 0.01031039 0.01888962 0.01213137 0.47937409 0.01755695\n",
      "  0.04029026 0.0291416  0.04716399 0.24283568]\n",
      " [0.00000256 0.00000246 0.00059234 0.00042048 0.00002072 0.0015307\n",
      "  0.00654276 0.00002759 0.99081664 0.00004377]\n",
      " [0.00320744 0.04351164 0.03709156 0.00045404 0.86803943 0.02082864\n",
      "  0.02428594 0.00098425 0.00000899 0.00158808]\n",
      " [0.00230509 0.00572268 0.32777478 0.03792538 0.00010281 0.00115666\n",
      "  0.02019621 0.04492271 0.55029453 0.00959914]\n",
      " [0.0122788  0.02312709 0.00211382 0.00253511 0.29436394 0.02862882\n",
      "  0.17588676 0.15268289 0.01552854 0.29285424]\n",
      " [0.0000019  0.0000138  0.44455234 0.51443383 0.00078615 0.03151218\n",
      "  0.0003192  0.00029459 0.00733855 0.00074744]\n",
      " [0.05963789 0.00649225 0.00016614 0.00061823 0.02620989 0.00069513\n",
      "  0.15915666 0.01190513 0.7347946  0.00032406]\n",
      " [0.00542372 0.00075833 0.00695011 0.00071674 0.76400795 0.10481383\n",
      "  0.00009926 0.02075177 0.00001637 0.09646191]]\n"
     ]
    },
    {
     "name": "stdout",
     "output_type": "stream",
     "text": [
      "INFO:tensorflow:loss = 1.0255179405212402, step = 41\n",
      "INFO:tensorflow:global_step/sec: 3.16501\n",
      "INFO:tensorflow:probabilities = [[0.00041677 0.00023508 0.95243685 0.0003269  0.02247218 0.0021797\n",
      "  0.00070808 0.00007627 0.0083748  0.01277336]\n",
      " [0.10298389 0.00580322 0.00002375 0.00001426 0.04238345 0.7356298\n",
      "  0.05819647 0.00465416 0.03969666 0.01061433]\n",
      " [0.00080463 0.0000009  0.00000508 0.00004423 0.94634301 0.00006427\n",
      "  0.00026892 0.04834425 0.00317039 0.00095431]\n",
      " [0.00029718 0.00013265 0.00011353 0.00083905 0.00003225 0.99648056\n",
      "  0.00186903 0.00012486 0.00001904 0.00009184]\n",
      " [0.00000133 0.00000079 0.00000445 0.00000333 0.00000208 0.99996727\n",
      "  0.00000029 0.00000581 0.00000664 0.000008  ]\n",
      " [0.00000701 0.00003533 0.00024677 0.00466174 0.00681632 0.00060465\n",
      "  0.96971166 0.00108959 0.01494328 0.00188365]\n",
      " [0.00006323 0.94466735 0.01206453 0.0006993  0.00368443 0.00149089\n",
      "  0.00500344 0.01493047 0.01700402 0.00039232]\n",
      " [0.00068561 0.00000562 0.97355411 0.00512178 0.00039137 0.00036579\n",
      "  0.00149621 0.00000045 0.01835323 0.00002584]\n",
      " [0.00433693 0.00041431 0.00010667 0.37052887 0.00224199 0.61042354\n",
      "  0.001949   0.00216647 0.00334796 0.00448425]\n",
      " [0.00001484 0.00000966 0.96618101 0.0000693  0.0003899  0.00007506\n",
      "  0.00142685 0.02839944 0.00297716 0.0004568 ]\n",
      " [0.99959988 0.00000017 0.00017077 0.00008762 0.00002083 0.0000001\n",
      "  0.00000574 0.00000212 0.00011234 0.00000043]\n",
      " [0.00040711 0.02272768 0.00357693 0.00110284 0.00020484 0.05938833\n",
      "  0.06304425 0.00532173 0.84416177 0.00006452]\n",
      " [0.06764247 0.00113593 0.45158441 0.00451264 0.06212579 0.04454506\n",
      "  0.36243021 0.00058159 0.00283791 0.002604  ]\n",
      " [0.00000116 0.00001372 0.00022675 0.00000179 0.00001383 0.00001091\n",
      "  0.00000003 0.99947682 0.00019311 0.00006187]\n",
      " [0.00009767 0.0002086  0.98724063 0.00206989 0.00000635 0.00028386\n",
      "  0.00054054 0.00003636 0.00951392 0.00000218]\n",
      " [0.00000062 0.00001795 0.0000063  0.00023827 0.0000091  0.0000563\n",
      "  0.00000011 0.9995438  0.00000026 0.00012728]\n",
      " [0.00000534 0.00000307 0.00339648 0.12008807 0.00338818 0.01816955\n",
      "  0.00420872 0.00015786 0.84934188 0.00124086]\n",
      " [0.00001799 0.00000023 0.00002125 0.99922437 0.00000432 0.00029113\n",
      "  0.00015382 0.00008321 0.00019943 0.00000425]\n",
      " [0.00000216 0.00000544 0.000066   0.00000489 0.00511445 0.00001162\n",
      "  0.00000251 0.00020415 0.00013815 0.99445064]\n",
      " [0.000028   0.00000003 0.00000002 0.00801566 0.00000046 0.98385256\n",
      "  0.0000002  0.0000037  0.00809743 0.00000194]\n",
      " [0.001178   0.96643277 0.01471896 0.00015568 0.0108926  0.00001173\n",
      "  0.00475083 0.00147474 0.00021329 0.00017142]\n",
      " [0.99074239 0.00002061 0.00001088 0.00001997 0.00001427 0.00025051\n",
      "  0.00813579 0.00000418 0.00055969 0.00024171]\n",
      " [0.01772377 0.00001331 0.000017   0.14457766 0.00011712 0.05242159\n",
      "  0.0015894  0.00237391 0.77646455 0.00470169]\n",
      " [0.00007849 0.00602642 0.00111402 0.07258702 0.00074228 0.17973221\n",
      "  0.00959709 0.0021569  0.72617153 0.00179404]\n",
      " [0.08090827 0.00001124 0.00009206 0.00013192 0.00015022 0.0002413\n",
      "  0.00001187 0.90301793 0.01445401 0.00098118]\n",
      " [0.00000006 0.00000009 0.00000207 0.00000431 0.00002159 0.0000049\n",
      "  0.00000002 0.99870825 0.00124109 0.00001762]\n",
      " [0.00055414 0.00000085 0.00248107 0.0001172  0.02669234 0.00160626\n",
      "  0.0000066  0.01244366 0.00010205 0.95599583]\n",
      " [0.00109471 0.0070877  0.00110325 0.00214602 0.37884533 0.00095452\n",
      "  0.04270603 0.00967525 0.49891682 0.05747037]\n",
      " [0.00071996 0.00213293 0.00009861 0.00079995 0.0001317  0.00317008\n",
      "  0.00010702 0.00017087 0.99131402 0.00135485]\n",
      " [0.00195246 0.0000127  0.98342698 0.00583772 0.0000061  0.00012575\n",
      "  0.00000257 0.00386369 0.00470221 0.00006981]\n",
      " [0.00001263 0.00028603 0.00021706 0.00008106 0.00177658 0.00014227\n",
      "  0.00003317 0.02759019 0.0002732  0.96958782]\n",
      " [0.02594837 0.00880503 0.72249456 0.01979919 0.08457868 0.00094456\n",
      "  0.01110843 0.00298759 0.04422113 0.07911244]\n",
      " [0.01626396 0.00000595 0.00964479 0.05564317 0.15017041 0.00645543\n",
      "  0.00151774 0.11084717 0.06111145 0.58833991]\n",
      " [0.04023936 0.0101943  0.00755735 0.02714071 0.02404493 0.16627025\n",
      "  0.00064121 0.00739762 0.15629283 0.56022145]\n",
      " [0.00004194 0.00000087 0.00000008 0.00000514 0.0000451  0.0000008\n",
      "  0.0000003  0.00019244 0.00000035 0.99971298]\n",
      " [0.00001645 0.99530141 0.00003253 0.00083736 0.00020552 0.00026729\n",
      "  0.00043814 0.0010982  0.0000322  0.00177088]\n",
      " [0.06090238 0.52524057 0.12197863 0.09881026 0.00928533 0.004314\n",
      "  0.05149744 0.00136538 0.0467268  0.07987918]\n",
      " [0.00001612 0.00000003 0.00000028 0.00000584 0.00000042 0.99990613\n",
      "  0.00000095 0.00001348 0.00005674 0.00000002]\n",
      " [0.00025299 0.0089519  0.00039316 0.00025151 0.00016127 0.00196673\n",
      "  0.98692549 0.00002327 0.00086781 0.00020586]\n",
      " [0.00958577 0.0001356  0.25022544 0.00885808 0.15183454 0.50797969\n",
      "  0.05003546 0.00330317 0.01063922 0.00740304]\n",
      " [0.00096051 0.00101296 0.97945031 0.00301094 0.00004898 0.00000973\n",
      "  0.00004602 0.0143579  0.00108036 0.00002229]\n",
      " [0.04037986 0.00001999 0.00001607 0.01039327 0.00015758 0.00009333\n",
      "  0.00000962 0.94555634 0.00130782 0.00206611]\n",
      " [0.00094955 0.00018468 0.00002    0.00004598 0.00030599 0.99122658\n",
      "  0.00152024 0.00215678 0.0014646  0.00212561]\n",
      " [0.91842869 0.00059427 0.00171997 0.00028625 0.05235844 0.02057464\n",
      "  0.0006436  0.00010453 0.00353477 0.00175485]\n",
      " [0.00016437 0.00000153 0.70986628 0.1867873  0.00001951 0.014574\n",
      "  0.00112434 0.00002038 0.08742788 0.0000144 ]\n",
      " [0.000558   0.00294786 0.06399417 0.00862865 0.01562942 0.00113985\n",
      "  0.00297588 0.02210816 0.44030124 0.44171679]\n",
      " [0.00002869 0.00001306 0.0000002  0.00006557 0.00000282 0.00000499\n",
      "  0.00000038 0.99978956 0.00000076 0.00009396]\n",
      " [0.00010842 0.00024382 0.0003076  0.00156084 0.00008601 0.00065665\n",
      "  0.99685625 0.00000961 0.00016899 0.00000181]\n",
      " [0.13282059 0.00221669 0.56972983 0.00576877 0.00098924 0.23718101\n",
      "  0.00000049 0.00164416 0.04958699 0.00006222]\n",
      " [0.00013196 0.04983858 0.23269214 0.02130171 0.03592831 0.00110073\n",
      "  0.00005861 0.59307453 0.00134803 0.06452538]\n",
      " [0.00015396 0.00018499 0.00241983 0.0000555  0.00001275 0.00000527\n",
      "  0.00001663 0.97772804 0.00005774 0.01936528]\n",
      " [0.00106006 0.00018516 0.01818002 0.00533455 0.00192887 0.00007922\n",
      "  0.00016679 0.94667696 0.02163717 0.0047512 ]\n",
      " [0.00257224 0.03201296 0.01030525 0.00025464 0.9374555  0.00025558\n",
      "  0.00805259 0.00769741 0.00065018 0.00074366]\n",
      " [0.00115877 0.00125085 0.00213391 0.00009394 0.02392798 0.00030624\n",
      "  0.97088293 0.00000424 0.00002883 0.00021231]\n",
      " [0.03753119 0.00012745 0.00000926 0.02970982 0.00110583 0.85711398\n",
      "  0.01287897 0.01234643 0.01105892 0.03811815]\n",
      " [0.0003798  0.05703534 0.00004565 0.05924116 0.05728425 0.0523726\n",
      "  0.00006224 0.00048172 0.33740358 0.43569367]\n",
      " [0.00298031 0.02540486 0.01130824 0.03751894 0.76291859 0.00691864\n",
      "  0.02633651 0.01869939 0.10643184 0.00148266]\n",
      " [0.00000047 0.00000169 0.0000124  0.00000544 0.00005295 0.00012236\n",
      "  0.99980254 0.00000021 0.0000014  0.00000056]\n",
      " [0.00066911 0.0100623  0.52775779 0.22004021 0.00004359 0.00770213\n",
      "  0.00125062 0.00137132 0.1989881  0.03211482]\n",
      " [0.00973866 0.05200047 0.4686079  0.01415936 0.00076187 0.00103656\n",
      "  0.00398071 0.00009908 0.44958055 0.00003484]\n",
      " [0.02133996 0.00004163 0.02791125 0.24956005 0.05721871 0.03716128\n",
      "  0.00000395 0.60415156 0.00004244 0.00256917]\n",
      " [0.00053807 0.00004958 0.00123837 0.00009722 0.00000611 0.00005968\n",
      "  0.00000057 0.99786051 0.00012391 0.00002597]\n",
      " [0.00009732 0.00005952 0.00002735 0.00004281 0.00002435 0.73870479\n",
      "  0.00007525 0.0005775  0.25979839 0.00059272]\n",
      " [0.9913648  0.00003022 0.00318592 0.00001106 0.004941   0.00001453\n",
      "  0.00044862 0.00000071 0.00000294 0.00000018]\n",
      " [0.00731652 0.77168177 0.18522653 0.00020838 0.01129391 0.00119376\n",
      "  0.00020452 0.00131672 0.00778873 0.01376915]\n",
      " [0.00000541 0.96844187 0.00056482 0.00017311 0.00673899 0.0000599\n",
      "  0.01224516 0.00032023 0.01143051 0.00002   ]\n",
      " [0.00000018 0.00000007 0.00004444 0.00002785 0.00000003 0.00000299\n",
      "  0.00000146 0.0003628  0.99954163 0.00001854]\n",
      " [0.00024899 0.04344021 0.08701304 0.01440978 0.33024038 0.00035235\n",
      "  0.00041255 0.00494185 0.49269454 0.02624631]\n",
      " [0.98312542 0.00000083 0.00046286 0.00000085 0.00007512 0.00000464\n",
      "  0.00000093 0.00041487 0.00003348 0.015881  ]\n",
      " [0.00000498 0.99937369 0.00003358 0.00000095 0.00042561 0.0000091\n",
      "  0.00004553 0.00005784 0.0000475  0.00000121]\n",
      " [0.00004832 0.71181581 0.00008645 0.00053117 0.00382981 0.00002453\n",
      "  0.00023543 0.27857086 0.00215208 0.00270554]\n",
      " [0.00029258 0.00001054 0.00073123 0.00495519 0.00006366 0.00000146\n",
      "  0.00047133 0.99322722 0.00003941 0.00020737]\n",
      " [0.00085883 0.00571943 0.07936783 0.14022579 0.00083604 0.05325968\n",
      "  0.00300617 0.0045325  0.71077875 0.00141498]\n",
      " [0.00069872 0.99348632 0.00005801 0.00001458 0.00003077 0.00001115\n",
      "  0.00000566 0.00005519 0.00563496 0.00000464]\n",
      " [0.00001748 0.99094906 0.00136843 0.00000058 0.00029907 0.00015417\n",
      "  0.00000421 0.00706267 0.00012592 0.00001841]\n",
      " [0.00036536 0.00014264 0.00006173 0.76833682 0.00017657 0.0260493\n",
      "  0.00000285 0.00005112 0.20228728 0.00252633]\n",
      " [0.01901137 0.00000881 0.000277   0.74927398 0.00097109 0.21093329\n",
      "  0.00608412 0.00361434 0.00504771 0.0047783 ]\n",
      " [0.00000609 0.         0.00000173 0.00044951 0.00001975 0.99942575\n",
      "  0.00000154 0.00000089 0.0000944  0.00000034]\n",
      " [0.02346919 0.00002501 0.01070201 0.00353086 0.03833153 0.17850683\n",
      "  0.00033542 0.00004692 0.70650989 0.03854233]\n",
      " [0.99859113 0.00000221 0.00000434 0.00008988 0.00057941 0.00008043\n",
      "  0.00001937 0.00000068 0.00048751 0.00014504]\n",
      " [0.01274927 0.00858699 0.00180862 0.05010148 0.15515965 0.09863585\n",
      "  0.65102672 0.00348506 0.0094709  0.00897546]\n",
      " [0.99998687 0.00000048 0.00000063 0.0000001  0.         0.00000001\n",
      "  0.00000511 0.00000011 0.0000055  0.00000119]\n",
      " [0.00002518 0.00000912 0.00004025 0.00002395 0.0019411  0.00000055\n",
      "  0.99791186 0.00000748 0.00003607 0.00000445]\n",
      " [0.00002138 0.00000198 0.0001504  0.00123569 0.00002429 0.00336799\n",
      "  0.00108278 0.00123314 0.99270347 0.00017888]\n",
      " [0.00000096 0.         0.0000019  0.00000002 0.99999446 0.00000003\n",
      "  0.00000001 0.00000179 0.00000013 0.00000071]\n",
      " [0.00007365 0.00057938 0.00055284 0.75290635 0.0019909  0.00775843\n",
      "  0.00016332 0.06692171 0.00003678 0.16901664]\n",
      " [0.00005264 0.00010422 0.00000377 0.0001973  0.00064425 0.0000583\n",
      "  0.00004061 0.00076563 0.00793001 0.99020326]\n",
      " [0.92656637 0.00000573 0.0452995  0.00319743 0.0133384  0.00005512\n",
      "  0.00039773 0.00097499 0.01009268 0.00007206]\n",
      " [0.00003374 0.07637532 0.00160583 0.00102249 0.00147404 0.00006469\n",
      "  0.00001144 0.74103243 0.04519469 0.13318533]\n",
      " [0.00213366 0.0001596  0.9885867  0.00714707 0.00001501 0.00007506\n",
      "  0.00000752 0.00000795 0.00183645 0.00003099]\n",
      " [0.12241364 0.77744444 0.01737832 0.0009954  0.01359478 0.03022523\n",
      "  0.00011039 0.00006663 0.03700425 0.00076691]\n",
      " [0.00156729 0.00030614 0.06109562 0.00443819 0.03990522 0.00064323\n",
      "  0.00010591 0.00038155 0.04712036 0.8444365 ]\n",
      " [0.00428572 0.00011836 0.0000364  0.00019888 0.00340856 0.00000221\n",
      "  0.99166465 0.00000381 0.0000225  0.0002589 ]\n",
      " [0.01261415 0.0024174  0.00067504 0.10117345 0.01363795 0.48279722\n",
      "  0.19300453 0.00022979 0.19337618 0.00007428]\n",
      " [0.99608389 0.00001553 0.00286423 0.00003098 0.00010138 0.00000096\n",
      "  0.00013337 0.00001081 0.00023056 0.00052828]\n",
      " [0.99959656 0.0000011  0.00000086 0.00000974 0.00002667 0.00010005\n",
      "  0.00016362 0.00000112 0.00005796 0.00004232]\n",
      " [0.00596925 0.76268738 0.00244403 0.01115017 0.11222761 0.04088518\n",
      "  0.01688723 0.01529088 0.02796855 0.00448971]\n",
      " [0.00900071 0.00003455 0.00199554 0.00458905 0.05388524 0.00013894\n",
      "  0.90917765 0.01960265 0.00115726 0.00041841]\n",
      " [0.99843134 0.00001951 0.00006211 0.00104603 0.00000005 0.00035455\n",
      "  0.00000129 0.00006776 0.00000031 0.00001706]\n",
      " [0.00000757 0.00070428 0.99734946 0.00018413 0.00000053 0.00000047\n",
      "  0.00174882 0.00000057 0.00000077 0.00000339]] (31.597 sec)\n"
     ]
    },
    {
     "name": "stdout",
     "output_type": "stream",
     "text": [
      "INFO:tensorflow:loss = 0.4140481650829315, step = 141 (31.593 sec)\n",
      "INFO:tensorflow:global_step/sec: 3.24785\n",
      "INFO:tensorflow:probabilities = [[0.14717218 0.00272431 0.09717699 0.00288419 0.1821808  0.44551697\n",
      "  0.08260393 0.01622564 0.00000272 0.02351228]\n",
      " [0.99865417 0.00000044 0.00110618 0.00000328 0.0000194  0.00006438\n",
      "  0.00000068 0.00000254 0.00013695 0.00001199]\n",
      " [0.99989983 0.00000009 0.00007043 0.00000009 0.00000639 0.00001732\n",
      "  0.00000042 0.00000238 0.00000023 0.00000281]\n",
      " [0.00002637 0.0003335  0.00007697 0.00000702 0.00000748 0.00002216\n",
      "  0.00000289 0.99933388 0.00000775 0.00018198]\n",
      " [0.0000003  0.00000336 0.00000988 0.71749123 0.00000019 0.28052259\n",
      "  0.00060155 0.00004436 0.00002914 0.00129742]\n",
      " [0.00000329 0.00000029 0.00001681 0.00001899 0.01073102 0.00001106\n",
      "  0.00000955 0.00107158 0.00000171 0.98813571]\n",
      " [0.84449561 0.00002722 0.0002346  0.13307357 0.00000179 0.00180003\n",
      "  0.00000818 0.00000543 0.004885   0.01546856]\n",
      " [0.00801033 0.00009848 0.00008345 0.01177331 0.81852284 0.00008234\n",
      "  0.16063174 0.00009176 0.00063357 0.00007217]\n",
      " [0.00000715 0.00003235 0.00001895 0.00001043 0.0025218  0.00001859\n",
      "  0.00000068 0.01724931 0.00115062 0.97899012]\n",
      " [0.00456002 0.00000708 0.00023959 0.00000661 0.00059868 0.98969074\n",
      "  0.00002594 0.00022904 0.00008759 0.00455471]\n",
      " [0.00418822 0.00388419 0.09772512 0.00075013 0.00379495 0.00194407\n",
      "  0.00087165 0.03951766 0.71725652 0.1300675 ]\n",
      " [0.98274917 0.00000119 0.01423039 0.00254602 0.00003254 0.00017367\n",
      "  0.00002316 0.0000005  0.00013863 0.00010474]\n",
      " [0.00003137 0.00000005 0.00002306 0.00153935 0.00000281 0.99617445\n",
      "  0.00002943 0.00000054 0.00000214 0.00219681]\n",
      " [0.00000715 0.00082112 0.000312   0.00033632 0.00038972 0.00380554\n",
      "  0.00001779 0.15740884 0.00575772 0.8311438 ]\n",
      " [0.2026154  0.07170207 0.30204993 0.00132691 0.1178532  0.05520937\n",
      "  0.00107454 0.24594842 0.00134064 0.00087951]\n",
      " [0.00000194 0.00003044 0.00001933 0.000353   0.00087257 0.00000584\n",
      "  0.99844486 0.0000011  0.00024564 0.00002529]\n",
      " [0.00043275 0.00052174 0.02118813 0.86005702 0.00717746 0.00546163\n",
      "  0.01681443 0.05820468 0.00284679 0.02729538]\n",
      " [0.00013646 0.00003454 0.00001382 0.0000012  0.99798692 0.00014339\n",
      "  0.00011276 0.00152982 0.00000091 0.00004017]\n",
      " [0.00001118 0.00000004 0.01060751 0.98833088 0.00000664 0.00015446\n",
      "  0.00000214 0.00023805 0.00058    0.00006909]\n",
      " [0.00002693 0.00005704 0.0002847  0.00000769 0.99772174 0.00001666\n",
      "  0.00154588 0.00001113 0.00001005 0.00031817]\n",
      " [0.00021926 0.00000103 0.00001602 0.00000249 0.00002845 0.00000003\n",
      "  0.99969517 0.00003456 0.00000181 0.00000118]\n",
      " [0.00000098 0.00000002 0.01156371 0.98758654 0.00000027 0.00080579\n",
      "  0.00000012 0.00000088 0.0000394  0.00000228]\n",
      " [0.00000249 0.00000109 0.00000049 0.00178332 0.0000002  0.99808758\n",
      "  0.00000005 0.00006179 0.00000528 0.0000577 ]\n",
      " [0.00000014 0.         0.00010392 0.99989397 0.00000002 0.00000154\n",
      "  0.00000014 0.         0.00000018 0.00000009]\n",
      " [0.01370751 0.0001743  0.06864352 0.45646216 0.00131433 0.00176597\n",
      "  0.00019094 0.14370905 0.28002745 0.03400475]\n",
      " [0.00192876 0.00005847 0.079878   0.00257731 0.91217572 0.00084514\n",
      "  0.0023694  0.00013706 0.00000083 0.00002931]\n",
      " [0.0000001  0.00000003 0.9999989  0.00000006 0.00000074 0.\n",
      "  0.00000015 0.         0.00000001 0.        ]\n",
      " [0.00000105 0.00000457 0.00000291 0.00000031 0.00000016 0.00002688\n",
      "  0.00003608 0.00000094 0.99986649 0.00006063]\n",
      " [0.01329857 0.0032815  0.00145239 0.95091908 0.00004672 0.00244334\n",
      "  0.028472   0.00000172 0.00008056 0.00000412]\n",
      " [0.00012898 0.00047023 0.00090178 0.00092261 0.00067009 0.00173639\n",
      "  0.00212325 0.00371044 0.97698095 0.01235528]\n",
      " [0.00002961 0.99974304 0.00009143 0.00000213 0.00009422 0.00000021\n",
      "  0.00000961 0.00001562 0.00001312 0.00000101]\n",
      " [0.00000871 0.00000005 0.00000107 0.0000006  0.00004978 0.00002226\n",
      "  0.99991602 0.         0.00000122 0.00000031]\n",
      " [0.12797248 0.1164659  0.00014025 0.00060623 0.00449708 0.00415944\n",
      "  0.02969462 0.00610883 0.70767684 0.00267833]\n",
      " [0.00013509 0.0000208  0.00001437 0.0001034  0.00013762 0.73015667\n",
      "  0.26867925 0.00005406 0.00021874 0.00048   ]\n",
      " [0.32641097 0.00003915 0.12415373 0.08138527 0.0001586  0.03073308\n",
      "  0.00109437 0.00018256 0.41925317 0.0165891 ]\n",
      " [0.91506281 0.00070886 0.0527948  0.0179793  0.0000323  0.00176318\n",
      "  0.00065883 0.00044121 0.01030201 0.00025671]\n",
      " [0.00002284 0.98342979 0.00198131 0.00073169 0.00774504 0.00004262\n",
      "  0.00297536 0.00007195 0.00069662 0.00230279]\n",
      " [0.00000131 0.00002119 0.00016714 0.00090964 0.00001485 0.00044917\n",
      "  0.0000005  0.99776041 0.00010194 0.00057385]\n",
      " [0.00001012 0.00000109 0.00002435 0.00067242 0.00000045 0.9985613\n",
      "  0.00004959 0.00000027 0.00067215 0.00000827]\n",
      " [0.00108026 0.00024074 0.99386683 0.00007055 0.00014399 0.00035026\n",
      "  0.00060719 0.00002651 0.00361188 0.0000018 ]\n",
      " [0.00003837 0.00078068 0.01076468 0.00004172 0.87533737 0.00043023\n",
      "  0.11224056 0.00008478 0.00002221 0.00025941]\n",
      " [0.01086979 0.00002462 0.00033502 0.00008262 0.04765724 0.00000633\n",
      "  0.00012661 0.0038095  0.00274482 0.93434344]\n",
      " [0.000065   0.00000232 0.00055689 0.51722508 0.0000147  0.48177764\n",
      "  0.00000108 0.0000041  0.00029816 0.00005502]\n",
      " [0.00000125 0.00000015 0.00009998 0.00000246 0.00000022 0.000001\n",
      "  0.         0.99765127 0.00000574 0.00223793]\n",
      " [0.00000055 0.00001162 0.00009073 0.00000668 0.00143067 0.00014367\n",
      "  0.99814218 0.00001265 0.00015997 0.0000013 ]\n",
      " [0.00001033 0.00018002 0.00000554 0.01710343 0.84425471 0.00101967\n",
      "  0.00398628 0.00084302 0.00000839 0.13258861]\n",
      " [0.0000148  0.00000097 0.97934112 0.01890247 0.00000242 0.00000026\n",
      "  0.00000398 0.00000233 0.00000645 0.0017252 ]\n",
      " [0.00030238 0.00060197 0.00135178 0.00030361 0.0063938  0.00077328\n",
      "  0.99018448 0.00003267 0.00005527 0.00000077]\n",
      " [0.00001452 0.0000239  0.00453831 0.98350383 0.00001463 0.00689074\n",
      "  0.00001143 0.00000069 0.00497681 0.00002513]\n",
      " [0.00002833 0.0000293  0.00019951 0.00000022 0.98992982 0.00000301\n",
      "  0.00250575 0.0000358  0.00003454 0.00723372]\n",
      " [0.09394164 0.00003078 0.00450518 0.21620303 0.00046378 0.68392991\n",
      "  0.00003624 0.00007583 0.00039484 0.00041876]\n",
      " [0.00001096 0.99544903 0.00014881 0.00000759 0.00217796 0.00009553\n",
      "  0.00007325 0.00000819 0.0012271  0.00080156]\n",
      " [0.00003284 0.97317454 0.00016044 0.0001237  0.00256659 0.00246465\n",
      "  0.01756096 0.00102167 0.00174826 0.00114635]\n",
      " [0.99774038 0.0000906  0.0008657  0.00001035 0.00087572 0.0001888\n",
      "  0.00001678 0.00001263 0.0000371  0.00016194]\n",
      " [0.03552697 0.00003221 0.00105222 0.00000177 0.00021267 0.00008504\n",
      "  0.92328319 0.00000184 0.03980338 0.00000071]\n",
      " [0.00024295 0.00000014 0.000017   0.00001652 0.00001717 0.99941633\n",
      "  0.00004105 0.00007204 0.00000209 0.00017472]\n",
      " [0.99733415 0.00000207 0.000095   0.00152026 0.0000012  0.00016343\n",
      "  0.00000282 0.00082982 0.00004162 0.00000962]\n",
      " [0.00280013 0.0001815  0.00195316 0.1251463  0.00019981 0.00004277\n",
      "  0.00004582 0.00357976 0.8617739  0.00427686]\n",
      " [0.00153057 0.0020542  0.00100372 0.00011333 0.12172876 0.08781493\n",
      "  0.00179437 0.00392732 0.68593872 0.09409407]\n",
      " [0.00180839 0.00001221 0.00110335 0.00365266 0.0005658  0.39084327\n",
      "  0.00338604 0.00016    0.58842896 0.01003932]\n",
      " [0.00003267 0.00036326 0.00006251 0.00017854 0.01947499 0.00192485\n",
      "  0.00153727 0.00118692 0.97375558 0.00148342]\n",
      " [0.00217439 0.00097195 0.09999334 0.09794493 0.00101916 0.04953609\n",
      "  0.00040421 0.00000417 0.74247148 0.00548028]\n",
      " [0.00003237 0.00004313 0.00066733 0.00042718 0.94615872 0.00072191\n",
